9
0   7   16  35  28  19  49  25  10 
7   0   9   28  21  12  42  18  3 
16  9   0   19  12  3   48  9   12 
35  28  19  0   31  16  35  28  26 
28  21  12  31  0   15  49  21  21 
19  12  3   16  15  0   45  12  15 
49  42  48  35  49  45  0   57  45 
25  18  9   28  21  12  57  0   21 
10  3   12  26  21  15  45  21  0 